-1.27493100343
-0.179711369621
0.926557724017
-4.4727096329
-2.24531174593
4.33719755627
0.0512765993113
-0.11228205827
0.595917918199
-5.73479889118
4.77817309935
-2.64923670674
1.24253585525
0.505093041001
0.724154189091
-4.29128484429
-4.63437271838
-4.1780130039
-0.629005163542
-1.34240836742
-4.30433501525
-1.08530595373
2.28261692316
2.79698239036
-0.149906701213
0.413811201431
-4.79781465459
2.3538777839
-3.00571289199
-1.71596030364
-5.88096057962
0.212684737313
0.55159537474
1.44890911817
1.49640120483
-0.442104514988
0.678221444389
-6.09545638578
0.13569871877
0.728339959288
0.945351542974
-1.88264045825
-0.795922742679
-0.954667576628
0.321016621432
-0.932776594604
0.971277397227
1.49897270418
-1.43584499659
-3.21980874709
0.198602260546
2.47797895234
-3.45095722782
3.14045578379
-0.824625964608
-1.14671474713
-0.609054540888
0.382620797128
-0.537352762999
0.0296087855089
-0.00755202938246
-1.27932550184
0.733739911728
0.603756241783
-1.73817839452
-1.52504417775
