1.05726090082
-0.340527993808
1.42256730423
0.995958752433
0.154420017914
0.331283069053
0.405287553169
0.435783716382
-0.789475460684
-0.987129186626
0.0200167147938
0.635284930208
0.498802176395
-0.300978179604
0.641018139718
0.585399799036
0.855938334366
0.0543715932402
0.123645734838
-0.726159971239
-0.417875903927
-0.0921531359533
0.946731681345
-0.635730495201
0.448683424235
0.90587635009
-0.21777046384
-0.745658426014
0.859833836693
-0.894656830677
0.041048673194
-0.243753648258
0.944823677522
0.110915310565
0.459528264198
-1.02862949584
-0.468992538602
1.01256402673
-0.321327141681
0.901612754972
-0.441058963214
0.388159228364
-0.0478547495481
0.143684462372
0.247084555604
-0.54710498529
0.403563489523
-0.655959491199
0.138825439623
-0.53791237314
-0.419148027974
1.02740588931
0.0627615959824
0.263636321198
0.758391821006
0.358327070023
-0.518459916603
-0.967316023032
-0.177864194527
-0.810710754648
0.607684148385
-0.551973925094
-0.0259940915584
-0.713796277142
0.579852481804
-0.954006438106
0.282390232277
-0.142313893692
0.968005964077
-0.0876710479358
0.955838371535
-1.34276862764
0.686396862923
0.307938118945
1.01965272728
1.23725070027
1.78979884663
0.469157737556
0.0986569712997
1.1066911711
-0.956193223912
1.12590394504
0.834878495501
0.17634288184
-0.839085938979
0.121709765775
-0.213284288297
0.934628470457
-0.69610925155
-0.840733768002
0.678866071621
-0.293766212323
0.982384278864
0.794243089312
0.0719513320932
-0.706044606512
0.808305356912
0.381857969131
-0.572974015094
0.418670367569
-0.27469245135
-0.212725273181
-0.655246290819
-0.674856932777
0.420002291057
0.690164048116
0.716542604508
-1.10238439863
0.456833152082
-0.684976901754
-0.0540820377581
1.45175502428
0.982161152178
0.357878347373
-0.383752646442
-1.21603466388
0.596968452088
-0.723117621484
0.426618043735
-0.683591541601
0.00529307951444
0.0786611379437
0.298361377546
0.22403717272
-0.00805505449377
-0.473766879636
0.444558703633
-0.0213604664836
0.896057801485
-0.647142073542
1.23465521835
0.511658579743
1.11636487846
-0.660325638467
-1.20036132804
0.211764949195
0.371387383443
-0.142638272981
-0.0928872044536
0.0331516107189
1.00632929208
0.780197844074
-0.369949597383
-0.151244915746
1.71326540163
-0.544302458595
-0.951250746087
0.606491564165
1.17724570597
0.889380614686
-0.930963440974
-0.799553137358
0.642577550625
0.949895153445
0.728822073879
0.515932931459
-0.188271309803
-0.848572648037
-1.02252048077
-0.727198624071
-0.281528381293
-0.407873486048
0.646344525094
0.809556970167
0.772464685171
-0.679553645134
0.993332708008
-0.302762973084
-0.741346727058
-0.421234776443
0.678764130688
-0.648676846862
-0.508995761117
-0.462185624066
-0.502232439865
0.245643738416
0.427663605424
0.351080539204
-0.133082252229
1.5357390853
-0.719438328783
-0.000327658600611
-0.533321449009
0.258061381646
-1.06907386336
-0.731835426383
-0.769773711787
0.43554405268
0.43004386804
0.392710929447
-0.301681979017
0.183574109641
-1.32304534634
-1.341257285
-0.279075646991
0.43712333179
1.30571240828
0.299751310348
0.443692446221
0.182587596105
-0.595277267979
0.136637940314
-0.429939397429
-0.0246120537185
0.967782758458
0.29003212557
0.114433043312
0.317033970459
-0.277119243746
-0.292799229578
-0.605354312025
-1.2243689428
0.700054851134
0.610814571642
0.0888720329489
0.74691992393
0.998098916602
0.405443355723
0.510746836913
-0.183889214863
-0.820743525032
-0.11324586797
0.0273258267246
-0.0597556038224
0.259798914604
-0.66633432363
-0.772557471087
0.826603017903
-0.0654421262212
-0.372075056877
-0.426830672744
0.381720434194
0.0309285169413
1.15136399612
-0.666893519895
0.315438593316
0.551865793568
-0.761537039711
0.423129706836
0.682756195249
0.701956997669
1.0802745897
0.345387829405
-0.120567514365
-0.444599598466
-1.13540955134
-0.957260627906
-1.30192284477
0.0489807438049
0.569477899824
0.159862814549
1.64759455096
-0.785140711349
1.75409267125
0.121733119191
0.111543193177
-0.615750514888
0.587200066555
-0.831856439767
-0.00481540377056
0.707243433712
0.0190190848573
0.730006426606
-0.653747829749
-0.391651345851
1.2509429939
-0.647994719718
0.0239762241195
0.263448513718
0.570244066931
-0.985536236562
0.731785029674
0.489966780771
1.65687434747
-0.585369766766
0.505529435266
-0.168558882212
0.709714750917
-0.440149895798
0.553997255122
-0.234054179069
1.50519832656
-0.735022851144
0.320876589846
0.238304588051
-0.551739774015
0.935329222887
1.26756761291
-0.408014451791
-0.2425563934
0.199353010294
2.0024192505
1.00290212462
1.01601800985
-0.115852278485
-0.997342391993
1.44091486348
-1.10723734793
-0.29111070598
0.928079603034
-0.773243538352
1.66552698899
0.321485111017
-0.617224737437
-0.501248707451
-0.0716322905467
-1.49405154571
1.58611915321
1.46671092844
-0.245842336864
0.514554479842
0.902227844345
0.281836699059
-0.434965620894
1.46922653217
-1.36520564407
-0.116841454742
0.153029309873
0.655452042013
0.763304493965
0.0321027932592
-0.582755868853
0.166401812033
1.36467766822
-1.4658192746
0.0799225907758
0.817663089304
0.39748877862
1.15098851678
-0.582316016995
-0.696455712436
-0.0224033164974
-0.390443432568
0.604590124859
0.21579470102
0.599971478008
-0.313715503835
0.727514578784
-0.876653747104
-0.267485039194
0.61122147836
2.21021940773
0.0465228703345
-0.577701646853
-0.0610720826921
-0.565851506293
1.02083743345
-0.714629453562
-1.35612228525
0.00213134510536
2.7206301432
-0.584842413186
1.06294443079
-0.972352328714
-0.680915129526
0.611109531247
-1.3051115707
-0.228230001444
1.0069998275
1.93031361658
-0.288072902342
-1.2446387118
0.0277645735588
0.132009208893
0.394767258734
-0.373528153209
-0.53186628164
-0.784788319608
0.198274335745
-0.295825673118
0.926881974328
-0.741252819288
0.604837120417
1.07649163554
1.2373491875
-0.220096041272
0.550875760182
-0.708753155827
0.317928731524
1.3172336966
-0.616543650578
-0.0294138040686
-0.0687853470476
0.742042467011
-2.88109322211e-06
-0.0417147500146
-0.257740108376
0.126412395091
-0.321969427073
-0.521343739654
-0.603937803594
1.04379822044
-0.900212172795
-0.527492729705
0.36165676987
1.09424243275
0.0632423916556
0.146819443567
0.286434905672
-0.0182842423155
0.591689094995
0.026537729604
-1.31197362063
-0.442405007156
-1.02929851504
-0.449150384318
-0.0193275585987
1.50276487619
1.06991282334
1.40771355014
1.2477222749
0.546082293369
0.967360696551
1.41158358146
-0.164044716913
-0.0291308416759
-0.412605225095
-0.101740674858
0.064052767106
0.100523363406
-0.407694714915
-0.74579421402
-0.998024860304
-0.992796967527
-0.230602983737
-1.04042022775
0.773652519954
0.143820228088
-0.0360558401768
-0.856550081634
-0.772314222865
-1.07816125303
-0.322576749911
-0.610620710915
0.776432559572
-0.956623104557
0.13262137729
0.471138566515
-0.0609919231896
0.766079669326
0.500529994435
-1.13957469385
0.113479843705
-1.20415903482
-0.911033995271
-1.07036464926
-0.417118894422
-0.567153517072
-1.51383953986
-1.19096464975
-1.16611126696
-1.0625998599
0.634521439728
0.37942710617
1.07993370431
-0.514243949917
0.592276933822
0.130857223107
1.65577596651
-0.77265008511
0.000589606352212
-0.0988730044393
0.183062575384
-0.505852681707
-0.0885468324308
0.228801383219
-0.126222896481
1.15637522732
-0.733016623423
-0.216572273658
0.0368894905004
-0.852200613371
-0.538091494199
-0.844953707825
-0.895985259443
-1.02650053662
0.309426646546
-0.959670315698
-0.281794396089
0.891994102888
0.385791301927
-0.0373057421383
0.0106521253027
-0.0347143461834
0.44605939085
1.4930788752
